4 0.4610778443113772 0.87890625 0.023952095808383235 0.0546875
4 0.4748502994011976 0.8111979166666666 0.041916167664670656 0.0546875
4 0.4940119760479042 0.7513020833333333 0.037125748502994015 0.03125
4 0.4688622754491018 0.7434895833333333 0.029940119760479042 0.046875
4 0.4784431137724551 0.6666666666666666 0.041916167664670656 0.05989583333333333
4 0.4808383233532934 0.6100260416666666 0.032335329341317366 0.04817708333333333
4 0.4802395209580838 0.5423177083333333 0.02874251497005988 0.045572916666666664
4 0.4778443113772455 0.48893229166666663 0.026347305389221556 0.04296875
4 0.47305389221556887 0.43424479166666663 0.02155688622754491 0.05859375
4 0.4598802395209581 0.3828125 0.026347305389221556 0.05989583333333333
4 0.4550898203592814 0.43815104166666663 0.026347305389221556 0.04817708333333333
4 0.45209580838323354 0.5065104166666666 0.032335329341317366 0.06770833333333333
4 0.4502994011976048 0.5696614583333333 0.03592814371257485 0.05859375
4 0.4497005988023952 0.6328125 0.03952095808383233 0.0625
4 0.42634730538922155 0.64453125 0.0407185628742515 0.06510416666666666
4 0.43832335329341315 0.7096354166666666 0.03592814371257485 0.06770833333333333
4 0.4287425149700599 0.7721354166666666 0.03592814371257485 0.06770833333333333
4 0.4293413173652695 0.8294270833333333 0.04431137724550898 0.06510416666666666
