4 0.6338983050847458 0.876953125 0.03728813559322034 0.05859375
4 0.6889830508474576 0.8346354166666666 0.05254237288135593 0.06770833333333333
4 0.688135593220339 0.783203125 0.05084745762711864 0.07161458333333333
4 0.6923728813559322 0.7213541666666666 0.05593220338983051 0.0703125
4 0.6915254237288135 0.6555989583333333 0.05423728813559322 0.07682291666666666
4 0.6957627118644067 0.5904947916666666 0.059322033898305086 0.07161458333333333
4 0.6940677966101695 0.5325520833333333 0.06271186440677966 0.0703125
4 0.7050847457627119 0.4700520833333333 0.05084745762711864 0.05208333333333333
4 0.7050847457627119 0.4231770833333333 0.04745762711864407 0.05208333333333333
4 0.7084745762711864 0.37565104166666663 0.04067796610169491 0.053385416666666664
4 0.7016949152542372 0.3059895833333333 0.04067796610169491 0.08854166666666666
4 0.673728813559322 0.3515625 0.0423728813559322 0.06770833333333333
4 0.6652542372881356 0.4153645833333333 0.0423728813559322 0.0625
4 0.6559322033898305 0.47721354166666663 0.05084745762711864 0.06640625
4 0.6415254237288135 0.5169270833333333 0.05254237288135593 0.0625
4 0.6330508474576271 0.57421875 0.05254237288135593 0.05989583333333333
4 0.6322033898305085 0.6399739583333333 0.05423728813559322 0.06901041666666666
4 0.6271186440677966 0.703125 0.06101694915254237 0.0703125
4 0.6254237288135593 0.7565104166666666 0.06440677966101695 0.0703125
4 0.6279661016949153 0.810546875 0.05593220338983051 0.06640625
