4 0.6329866270430906 0.8828125 0.03863298662704309 0.06510416666666666
4 0.6300148588410104 0.8268229166666666 0.04457652303120356 0.0625
4 0.6218424962852898 0.7649739583333333 0.03714710252600297 0.06901041666666666
4 0.6181277860326895 0.6966145833333333 0.041604754829123326 0.08072916666666666
4 0.612927191679049 0.6243489583333333 0.04309063893016345 0.07161458333333333
4 0.6092124814264487 0.5611979166666666 0.05349182763744428 0.07291666666666666
4 0.600297176820208 0.494140625 0.03863298662704309 0.06380208333333333
4 0.6010401188707281 0.435546875 0.03417533432392273 0.05078125
4 0.5988112927191679 0.37565104166666663 0.041604754829123326 0.06640625
4 0.5995542347696879 0.3196614583333333 0.03714710252600297 0.08984375
4 0.5728083209509658 0.4759114583333333 0.03714710252600297 0.05598958333333333
4 0.5594353640416048 0.537109375 0.04606240713224368 0.06901041666666666
4 0.5601783060921248 0.609375 0.0475482912332838 0.0625
4 0.5609212481426449 0.6712239583333333 0.0638930163447251 0.07682291666666666
4 0.5653789004457652 0.7454427083333333 0.0549777117384844 0.06380208333333333
4 0.5690936106983655 0.806640625 0.05052005943536404 0.061197916666666664
4 0.5742942050520059 0.869140625 0.04309063893016345 0.05859375
4 0.5846953937592867 0.9342447916666666 0.04606240713224368 0.07421875
