4 0.5799373040752351 0.8645833333333333 0.03134796238244514 0.057291666666666664
4 0.5760188087774294 0.8190104166666666 0.03918495297805642 0.05989583333333333
4 0.5736677115987461 0.7662760416666666 0.04075235109717868 0.06640625
4 0.5658307210031348 0.7161458333333333 0.04075235109717868 0.057291666666666664
4 0.5626959247648903 0.6673177083333333 0.03761755485893417 0.05859375
4 0.5579937304075235 0.615234375 0.03134796238244514 0.05078125
4 0.5587774294670846 0.5651041666666666 0.029780564263322883 0.049479166666666664
4 0.5572100313479623 0.51171875 0.02664576802507837 0.05208333333333333
4 0.5532915360501567 0.4778645833333333 0.025078369905956112 0.0390625
4 0.5564263322884012 0.4368489583333333 0.034482758620689655 0.045572916666666664
4 0.5242946708463949 0.4921875 0.03605015673981191 0.0546875
4 0.5297805642633229 0.5436197916666666 0.03761755485893417 0.05078125
4 0.5235109717868338 0.5924479166666666 0.03761755485893417 0.05208333333333333
4 0.5242946708463949 0.6471354166666666 0.04231974921630094 0.05208333333333333
4 0.5188087774294671 0.7044270833333333 0.05329153605015674 0.049479166666666664
4 0.5235109717868338 0.7526041666666666 0.050156739811912224 0.049479166666666664
4 0.5266457680250783 0.80078125 0.050156739811912224 0.0546875
4 0.5250783699059561 0.8424479166666666 0.0438871473354232 0.0546875
4 0.536833855799373 0.8932291666666666 0.03918495297805642 0.049479166666666664
