4 0.5481770833333333 0.7903645833333333 0.028645833333333332 0.057291666666666664
4 0.5475260416666666 0.734375 0.02734375 0.049479166666666664
4 0.5416666666666666 0.6842447916666666 0.028645833333333332 0.05598958333333333
4 0.5384114583333333 0.6282552083333333 0.029947916666666664 0.05078125
4 0.5325520833333333 0.5690104166666666 0.028645833333333332 0.05208333333333333
4 0.53125 0.513671875 0.03125 0.04817708333333333
4 0.5247395833333333 0.466796875 0.026041666666666664 0.04036458333333333
4 0.5227864583333333 0.42057291666666663 0.022135416666666664 0.04427083333333333
4 0.5260416666666666 0.3782552083333333 0.026041666666666664 0.037760416666666664
4 0.5299479166666666 0.33658854166666663 0.026041666666666664 0.05598958333333333
4 0.5052083333333333 0.4388020833333333 0.0234375 0.05208333333333333
4 0.5 0.486328125 0.028645833333333332 0.05598958333333333
4 0.4973958333333333 0.5397135416666666 0.033854166666666664 0.05598958333333333
4 0.49869791666666663 0.595703125 0.041666666666666664 0.06901041666666666
4 0.5006510416666666 0.654296875 0.04036458333333333 0.06380208333333333
4 0.5065104166666666 0.7115885416666666 0.03645833333333333 0.05598958333333333
4 0.5084635416666666 0.7591145833333333 0.03515625 0.05989583333333333
4 0.5182291666666666 0.8235677083333333 0.03125 0.05078125
