4 0.4487836107554417 0.8307291666666666 0.029449423815620997 0.041666666666666664
4 0.45454545454545453 0.7701822916666666 0.04353393085787452 0.053385416666666664
4 0.4782330345710627 0.7122395833333333 0.04225352112676056 0.03645833333333333
4 0.4519846350832266 0.7057291666666666 0.035851472471190776 0.07291666666666666
4 0.4487836107554417 0.6529947916666666 0.03201024327784891 0.053385416666666664
4 0.4526248399487836 0.583984375 0.034571062740076826 0.06640625
4 0.4475032010243278 0.5358072916666666 0.034571062740076826 0.04817708333333333
4 0.43982074263764404 0.49088541666666663 0.034571062740076826 0.0546875
4 0.42765685019206146 0.453125 0.02560819462227913 0.05208333333333333
4 0.4167733674775928 0.4075520833333333 0.026888604353393086 0.05989583333333333
4 0.39180537772087065 0.34635416666666663 0.040973111395646605 0.078125
4 0.37772087067861715 0.38346354166666663 0.040973111395646605 0.05598958333333333
4 0.3886043533930858 0.4368489583333333 0.04481434058898848 0.05598958333333333
4 0.39436619718309857 0.48046875 0.040973111395646605 0.046875
4 0.4007682458386684 0.5338541666666666 0.04865556978233034 0.049479166666666664
4 0.4020486555697823 0.5846354166666666 0.046094750320102434 0.0546875
4 0.3994878361075544 0.6256510416666666 0.046094750320102434 0.053385416666666664
4 0.4167733674775928 0.6809895833333333 0.026888604353393086 0.05208333333333333
4 0.3975672215108835 0.6940104166666666 0.03713188220230473 0.046875
4 0.4052496798975672 0.7447916666666666 0.03713188220230473 0.046875
4 0.40717029449423814 0.7897135416666666 0.03329065300896287 0.04817708333333333
