4 0.5402877697841727 0.8404947916666666 0.04748201438848921 0.05598958333333333
4 0.5446043165467626 0.7838541666666666 0.033093525179856115 0.041666666666666664
4 0.5460431654676259 0.7259114583333333 0.04460431654676259 0.05859375
4 0.5532374100719425 0.6712239583333333 0.041726618705035974 0.05598958333333333
4 0.5553956834532374 0.6080729166666666 0.03741007194244604 0.0546875
4 0.5589928057553957 0.5494791666666666 0.04460431654676259 0.057291666666666664
4 0.5517985611510792 0.4915364583333333 0.033093525179856115 0.05598958333333333
4 0.5496402877697841 0.4348958333333333 0.031654676258992806 0.0546875
4 0.5446043165467626 0.3860677083333333 0.033093525179856115 0.05078125
4 0.5381294964028777 0.3352864583333333 0.02877697841726619 0.053385416666666664
4 0.5100719424460431 0.298828125 0.03597122302158273 0.08984375
4 0.5064748201438849 0.36328125 0.0460431654676259 0.05208333333333333
4 0.5107913669064749 0.4114583333333333 0.0460431654676259 0.0546875
4 0.516546762589928 0.46549479166666663 0.04316546762589928 0.05078125
4 0.516546762589928 0.515625 0.04892086330935252 0.057291666666666664
4 0.5158273381294964 0.5729166666666666 0.04748201438848921 0.06770833333333333
4 0.5151079136690647 0.6282552083333333 0.05467625899280576 0.061197916666666664
4 0.5071942446043166 0.6881510416666666 0.053237410071942444 0.06901041666666666
4 0.5028776978417266 0.7434895833333333 0.04460431654676259 0.0625
4 0.5021582733812949 0.7936197916666666 0.04316546762589928 0.05598958333333333
