4 0.5475543478260869 0.8561197916666666 0.03804347826086957 0.06380208333333333
4 0.5394021739130435 0.7962239583333333 0.03804347826086957 0.06640625
4 0.53125 0.7376302083333333 0.04076086956521739 0.07421875
4 0.5190217391304348 0.677734375 0.048913043478260865 0.07421875
4 0.5081521739130435 0.6197916666666666 0.04619565217391304 0.0625
4 0.5033967391304348 0.5657552083333333 0.042119565217391304 0.05598958333333333
4 0.4952445652173913 0.513671875 0.042119565217391304 0.05859375
4 0.4952445652173913 0.4583333333333333 0.033967391304347824 0.049479166666666664
4 0.49320652173913043 0.408203125 0.035326086956521736 0.05598958333333333
4 0.46875 0.4915364583333333 0.024456521739130432 0.053385416666666664
4 0.4626358695652174 0.5397135416666666 0.03940217391304348 0.07161458333333333
4 0.453125 0.5963541666666666 0.0638586956521739 0.07552083333333333
4 0.4633152173913043 0.6549479166666666 0.057065217391304345 0.07552083333333333
4 0.47554347826086957 0.7194010416666666 0.051630434782608696 0.07161458333333333
4 0.4898097826086956 0.7825520833333333 0.050271739130434784 0.0625
4 0.4966032608695652 0.8424479166666666 0.05570652173913043 0.07291666666666666
4 0.5101902173913043 0.9055989583333333 0.042119565217391304 0.061197916666666664
