4 0.587890625 0.8528645833333333 0.037760416666666664 0.06770833333333333
4 0.5859375 0.7766927083333333 0.03645833333333333 0.07682291666666666
4 0.5807291666666666 0.705078125 0.0390625 0.07682291666666666
4 0.5755208333333333 0.6321614583333333 0.041666666666666664 0.08203125
4 0.572265625 0.568359375 0.05078125 0.06380208333333333
4 0.5690104166666666 0.5123697916666666 0.041666666666666664 0.06380208333333333
4 0.5631510416666666 0.462890625 0.037760416666666664 0.05598958333333333
4 0.5455729166666666 0.31705729166666663 0.0234375 0.05598958333333333
4 0.5677083333333333 0.34049479166666663 0.026041666666666664 0.04817708333333333
4 0.5397135416666666 0.416015625 0.04296875 0.07942708333333333
4 0.5266927083333333 0.4680989583333333 0.04036458333333333 0.07161458333333333
4 0.5234375 0.5305989583333333 0.0390625 0.06901041666666666
4 0.5260416666666666 0.5950520833333333 0.0546875 0.08333333333333333
4 0.52734375 0.6725260416666666 0.0546875 0.08463541666666666
4 0.53515625 0.7395833333333333 0.0546875 0.09114583333333333
4 0.5390625 0.796875 0.05989583333333333 0.0703125
4 0.5475260416666666 0.8984375 0.029947916666666664 0.07291666666666666
