4 0.5507982583454282 0.8841145833333333 0.03918722786647315 0.0703125
4 0.5624092888243831 0.806640625 0.0420899854862119 0.06380208333333333
4 0.5609579100145138 0.755859375 0.03918722786647315 0.06380208333333333
4 0.5667634252539913 0.6907552083333333 0.047895500725689405 0.05859375
4 0.5645863570391872 0.638671875 0.03773584905660377 0.05078125
4 0.5725689404934688 0.568359375 0.03918722786647315 0.05078125
4 0.5747460087082729 0.498046875 0.03773584905660377 0.05078125
4 0.5747460087082729 0.4485677083333333 0.040638606676342524 0.05078125
4 0.5740203193033382 0.38671875 0.03918722786647315 0.0546875
4 0.5732946298984035 0.326171875 0.03483309143686502 0.05598958333333333
4 0.5413642960812772 0.298828125 0.02902757619738752 0.061197916666666664
4 0.5428156748911466 0.353515625 0.03483309143686502 0.053385416666666664
4 0.5413642960812772 0.41015625 0.03483309143686502 0.06510416666666666
4 0.5333817126269956 0.46354166666666663 0.033381712626995644 0.05989583333333333
4 0.5341074020319303 0.5325520833333333 0.03193033381712627 0.057291666666666664
4 0.5268505079825835 0.5885416666666666 0.03773584905660377 0.05989583333333333
4 0.5203193033381712 0.6673177083333333 0.0420899854862119 0.05598958333333333
4 0.5159651669085631 0.7291666666666666 0.03918722786647315 0.06770833333333333
4 0.5145137880986937 0.791015625 0.0420899854862119 0.06640625
4 0.5130624092888244 0.841796875 0.03918722786647315 0.06901041666666666
