4 0.5655021834061136 0.81640625 0.039301310043668124 0.05989583333333333
4 0.5655021834061136 0.7630208333333333 0.039301310043668124 0.06770833333333333
4 0.5604075691411936 0.7044270833333333 0.040756914119359534 0.05989583333333333
4 0.5574963609898108 0.6295572916666666 0.04366812227074236 0.06640625
4 0.5604075691411936 0.5716145833333333 0.046579330422125184 0.06770833333333333
4 0.5574963609898108 0.51171875 0.046579330422125184 0.05989583333333333
4 0.5582241630276565 0.45768229166666663 0.04512372634643377 0.061197916666666664
4 0.554585152838428 0.40104166666666663 0.040756914119359534 0.057291666666666664
4 0.5596797671033479 0.34375 0.033478893740902474 0.041666666666666664
4 0.529839883551674 0.2766927083333333 0.034934497816593885 0.05078125
4 0.5262008733624455 0.32291666666666663 0.030567685589519653 0.04427083333333333
4 0.5240174672489083 0.4251302083333333 0.034934497816593885 0.061197916666666664
4 0.5167394468704513 0.48046875 0.04366812227074236 0.0703125
4 0.512372634643377 0.5436197916666666 0.040756914119359534 0.06640625
4 0.5109170305676856 0.6041666666666666 0.040756914119359534 0.07291666666666666
4 0.5109170305676856 0.67578125 0.046579330422125184 0.06510416666666666
4 0.5094614264919942 0.7259114583333333 0.049490538573508006 0.07682291666666666
4 0.5116448326055313 0.7864583333333333 0.048034934497816595 0.0703125
4 0.5203784570596798 0.8548177083333333 0.0363901018922853 0.08203125
