4 0.5101351351351352 0.806640625 0.031081081081081083 0.061197916666666664
4 0.5168918918918919 0.7473958333333333 0.0445945945945946 0.057291666666666664
4 0.5216216216216216 0.6868489583333333 0.04864864864864865 0.061197916666666664
4 0.5236486486486487 0.6328125 0.0472972972972973 0.07552083333333333
4 0.5310810810810811 0.564453125 0.04594594594594595 0.07161458333333333
4 0.5263513513513514 0.501953125 0.03918918918918919 0.06640625
4 0.5297297297297298 0.4296875 0.03783783783783784 0.0625
4 0.5270270270270271 0.36197916666666663 0.02972972972972973 0.0546875
4 0.5337837837837838 0.3001302083333333 0.02702702702702703 0.04296875
4 0.5060810810810811 0.27994791666666663 0.02837837837837838 0.0546875
4 0.49662162162162166 0.33658854166666663 0.041891891891891894 0.06640625
4 0.49662162162162166 0.40234375 0.05 0.06510416666666666
4 0.49324324324324326 0.47265625 0.03513513513513514 0.06770833333333333
4 0.4871621621621622 0.5364583333333333 0.0445945945945946 0.07291666666666666
4 0.4891891891891892 0.611328125 0.043243243243243246 0.05078125
4 0.4844594594594595 0.6783854166666666 0.0472972972972973 0.049479166666666664
4 0.48243243243243245 0.7350260416666666 0.04054054054054054 0.053385416666666664
4 0.47094594594594597 0.787109375 0.05 0.061197916666666664
