4 0.5069551777434312 0.8776041666666666 0.03400309119010819 0.046875
4 0.5061823802163833 0.8170572916666666 0.03554868624420402 0.04296875
4 0.5139103554868625 0.7552083333333333 0.04173106646058732 0.06510416666666666
4 0.5139103554868625 0.7018229166666666 0.03863987635239567 0.049479166666666664
4 0.5146831530139103 0.6412760416666666 0.04327666151468315 0.053385416666666664
4 0.5185471406491499 0.5716145833333333 0.04482225656877898 0.05208333333333333
4 0.5224111282843895 0.51171875 0.03400309119010819 0.0625
4 0.5185471406491499 0.4563802083333333 0.03245749613601236 0.04036458333333333
4 0.5162287480680062 0.392578125 0.030911901081916538 0.04817708333333333
4 0.5115919629057187 0.3411458333333333 0.03709428129829984 0.057291666666666664
4 0.48377125193199383 0.314453125 0.03709428129829984 0.06380208333333333
4 0.4775888717156105 0.36783854166666663 0.03400309119010819 0.05598958333333333
4 0.47913446676970634 0.421875 0.03709428129829984 0.06510416666666666
4 0.48068006182380213 0.478515625 0.04327666151468315 0.05859375
4 0.4760432766615147 0.5364583333333333 0.0401854714064915 0.0546875
4 0.47449768160741884 0.59765625 0.04636785162287481 0.06770833333333333
4 0.4721792890262751 0.6647135416666666 0.04173106646058732 0.06380208333333333
4 0.46986089644513135 0.7252604166666666 0.0401854714064915 0.0625
4 0.4706336939721793 0.7858072916666666 0.03863987635239567 0.061197916666666664
4 0.46908809891808345 0.837890625 0.04173106646058732 0.05598958333333333
