4 0.5741797432239658 0.859375 0.03566333808844508 0.057291666666666664
4 0.5912981455064195 0.7890625 0.049928673323823114 0.057291666666666664
4 0.5905848787446505 0.7376302083333333 0.039942938659058486 0.053385416666666664
4 0.5984308131241084 0.6751302083333333 0.05848787446504993 0.061197916666666664
4 0.6019971469329529 0.6080729166666666 0.05135520684736092 0.06510416666666666
4 0.6098430813124108 0.5416666666666666 0.049928673323823114 0.0546875
4 0.6134094151212554 0.46354166666666663 0.04850213980028531 0.06510416666666666
4 0.6126961483594865 0.40299479166666663 0.04136947218259629 0.053385416666666664
4 0.616262482168331 0.34244791666666663 0.039942938659058486 0.0703125
4 0.615549215406562 0.2825520833333333 0.0442225392296719 0.0703125
4 0.5998573466476462 0.20963541666666666 0.047075606276747506 0.078125
4 0.579885877318117 0.2532552083333333 0.03566333808844508 0.06640625
4 0.572753209700428 0.3040364583333333 0.04136947218259629 0.05859375
4 0.5734664764621968 0.36979166666666663 0.042796005706134094 0.07291666666666666
4 0.5706134094151213 0.4348958333333333 0.042796005706134094 0.07291666666666666
4 0.5677603423680456 0.4954427083333333 0.0456490727532097 0.06380208333333333
4 0.5599144079885877 0.564453125 0.04136947218259629 0.07682291666666666
4 0.5534950071326676 0.6341145833333333 0.04850213980028531 0.06770833333333333
4 0.5492154065620543 0.6979166666666666 0.0456490727532097 0.06770833333333333
4 0.5420827389443652 0.7643229166666666 0.042796005706134094 0.0625
4 0.5385164051355207 0.8170572916666666 0.03566333808844508 0.06901041666666666
