4 0.5981873111782477 0.8333333333333333 0.03625377643504532 0.06770833333333333
4 0.5936555891238671 0.7740885416666666 0.03625377643504532 0.06640625
4 0.5861027190332326 0.7083333333333333 0.04229607250755287 0.06770833333333333
4 0.5717522658610272 0.64453125 0.04380664652567976 0.06510416666666666
4 0.5589123867069486 0.5774739583333333 0.045317220543806644 0.08203125
4 0.5490936555891238 0.5091145833333333 0.04984894259818731 0.06770833333333333
4 0.5415407854984894 0.44791666666666663 0.052870090634441085 0.0703125
4 0.5324773413897281 0.3821614583333333 0.04078549848942598 0.08463541666666666
4 0.5181268882175226 0.32096354166666663 0.03927492447129909 0.053385416666666664
4 0.48489425981873113 0.3203125 0.03625377643504532 0.05208333333333333
4 0.4833836858006042 0.359375 0.04229607250755287 0.057291666666666664
4 0.4947129909365559 0.4251302083333333 0.04078549848942598 0.061197916666666664
4 0.5022658610271903 0.49088541666666663 0.04380664652567976 0.0546875
4 0.5105740181268882 0.5481770833333333 0.0513595166163142 0.0703125
4 0.5219033232628398 0.630859375 0.04984894259818731 0.05598958333333333
4 0.5332326283987915 0.6959635416666666 0.05740181268882175 0.06380208333333333
4 0.5370090634441088 0.759765625 0.0649546827794562 0.07161458333333333
4 0.5422960725075529 0.8125 0.054380664652567974 0.06770833333333333
4 0.5596676737160121 0.876953125 0.052870090634441085 0.06380208333333333
